-1
-1
-1
-1
-1
-1
-1
-1
-1
-1
60
-1
-1
-1
-1
-1
-1
-1
-1
-1
-1
-1
480
-1
-1
-1
-1
-1
780
-1
-1
-1
-1
-1
1620
-1
-1
-1
2040
-1
-1
-1
-1
-1
-1
-1
3840
-1
-1
-1
-1
-1
-1
-1
4200
-1
-1
-1
6240
-1
-1
-1
-1
-1
-1
-1
-1
-1
12180
-1
12960
-1
-1
-1
-1
-1
-1
-1
16320
-1
-1
-1
15540
-1
-1
-1
-1
-1
14760
-1
-1
-1
-1
-1
30720
-1
-1
-1
-1
-1
-1
-1
-1
-1
-1
-1
43740
-1
-1
-1
33600
-1
-1
-1
-1
-1
-1
-1
49920
-1
-1
-1
-1
-1
66780
-1
-1
-1
-1
-1
40260
-1
-1
-1
-1
-1
-1
-1
97440
-1
-1
-1
65520
-1
-1
-1
-1
-1
97500
-1
-1
-1
120120
-1
131820
-1
-1
-1
130560
-1
-1
-1
-1
-1
-1
-1
113400
-1
-1
-1
-1
-1
-1
-1
192720
-1
-1
-1
118080
-1
92820
-1
-1
-1
-1
-1
-1
-1
-1
-1
245760
-1
-1
-1
-1
-1
235620
-1
255000
-1
-1
-1
294780
-1
-1
-1
277680
-1
267540
-1
-1
-1
-1
-1
349920
-1
-1
-1
199980
-1
-1
-1
268800
-1
-1
-1
411540
-1
-1
-1
-1
-1
453960
-1
-1
-1
-1
-1
189840
-1
-1
-1
-1
-1
-1
-1
-1
-1
-1
-1
419580
-1
-1
-1
-1
-1
-1
-1
595140
-1
-1
-1
322080
-1
-1
-1
-1
-1
398520
-1
-1
-1
-1
-1
730020
-1
-1
-1
525000
-1
-1
-1
-1
-1
643500
-1
524160
-1
-1
-1
-1
-1
-1
-1
-1
-1
-1
-1
780000
-1
-1
-1
-1
-1
354960
-1
960960
-1
-1
-1
497640
-1
-1
-1
-1
-1
-1
-1
1044480
-1
-1
-1
1180980
-1
-1
-1
-1
-1
1038180
-1
-1
-1
-1
-1
907200
-1
-1
-1
1063860
-1
-1
-1
-1
-1
-1
-1
1463340
-1
1522500
-1
1541760
-1
-1
-1
-1
-1
-1
-1
944640
-1
-1
-1
742560
-1
-1
-1
-1
-1
-1
-1
1787460
-1
1761540
-1
-1
-1
1803060
-1
619020
-1
-1
-1
1966080
-1
-1
-1
-1
-1
1484340
-1
1440600
-1
-1
-1
1087020
-1
-1
-1
2040000
-1
-1
-1
-1
-1
-1
-1
2358240
-1
-1
-1
-1
-1
-1
-1
2221440
-1
1855920
-1
1075620
-1
-1
-1
-1
-1
-1
-1
-1
-1
-1
-1
1769040
-1
-1
-1
-1
-1
-1
-1
1599840
-1
2943720
-1
3039180
-1
-1
-1
2150400
-1
1845000
-1
-1
-1
-1
-1
3080280
-1
-1
-1
-1
-1
1021020
-1
-1
-1
-1
-1
3559140
-1
-1
-1
-1
-1
-1
-1
3220140
-1
-1
-1
1518720
-1
-1
-1
-1
-1
-1
-1
-1
-1
4177740
-1
4135260
-1
4253340
-1
-1
-1
-1
-1
-1
-1
-1
-1
3061800
-1
-1
-1
-1
-1
3036540
-1
-1
-1
-1
-1
4770420
-1
-1
-1
4481880
-1
-1
-1
-1
-1
-1
-1
2576640
-1
-1
-1
5290740
-1
-1
-1
-1
-1
-1
-1
3188160
-1
-1
-1
2097120
-1
2506140
-1
-1
-1
-1
-1
1609080
-1
-1
-1
-1
-1
-1
-1
4200000
-1
-1
-1
6229380
-1
-1
-1
-1
-1
5350020
-1
5148000
-1
-1
-1
4193280
-1
-1
-1
-1
-1
-1
-1
-1
-1
-1
-1
5330220
-1
-1
-1
-1
-1
6361740
-1
-1
-1
4825860
-1
6240000
-1
-1
-1
-1
-1
-1
-1
6283680
-1
-1
-1
2839680
-1
-1
-1
5590200
-1
-1
-1
-1
-1
-1
-1
3981120
-1
-1
-1
-1
-1
5062680
-1
-1
-1
-1
-1
8932620
-1
-1
-1
8355840
-1
-1
-1
8027460
-1
5678340
-1
9447840
-1
2441400
-1
-1
-1
-1
-1
-1
-1
-1
-1
5032500
-1
-1
-1
-1
-1
-1
-1
-1
-1
-1
-1
7257600
-1
-1
-1
-1
-1
-1
-1
8510880
-1
-1
-1
3779100
-1
-1
-1
-1
-1
9490260
-1
-1
-1
-1
-1
11706720
-1
-1
-1
7322700
-1
12256920
-1
12334080
-1
-1
-1
12322740
-1
-1
-1
-1
-1
11324040
-1
-1
-1
-1
-1
5125680
-1
-1
-1
-1
-1
-1
-1
5940480
-1
-1
-1
13618860
-1
-1
-1
14142240
-1
-1
-1
-1
-1
-1
-1
14299680
-1
-1
-1
14092320
-1
12187500
-1
-1
-1
-1
-1
3587220
-1
-1
-1
4952160
-1
-1
-1
-1
-1
-1
-1
15728640
-1
15015000
-1
-1
-1
-1
-1
-1
-1
-1
-1
11874720
-1
16773900
-1
11524800
-1
-1
-1
-1
-1
-1
-1
8696160
-1
-1
-1
-1
-1
9903180
-1
16320000
-1
-1
-1
18045780
-1
-1
-1
-1
-1
10760040
-1
-1
-1
-1
-1
18865920
-1
-1
-1
-1
-1
-1
-1
-1
-1
-1
-1
18783180
-1
-1
-1
17771520
-1
-1
-1
14847360
-1
-1
-1
6399960
-1
-1
-1
-1
-1
-1
-1
-1
-1
21603600
-1
21474660
-1
-1
-1
-1
-1
17374500
-1
-1
-1
-1
-1
14152320
-1
-1
-1
-1
-1
5127780
-1
-1
-1
19769880
-1
23341020
-1
-1
-1
12798720
-1
22905540
-1
23549760
-1
-1
-1
24313440
-1
-1
-1
-1
-1
-1
-1
17203200
-1
-1
-1
14760000
-1
-1
-1
-1
-1
-1
-1
-1
-1
11602500
-1
24642240
-1
-1
-1
-1
-1
9583920
-1
19190280
-1
-1
-1
8168160
-1
-1
-1
15381600
-1
23236980
-1
-1
-1
-1
-1
13436280
-1
-1
-1
-1
-1
-1
-1
-1
-1
-1
-1
29582340
-1
29417700
-1
20634600
-1
-1
-1
-1
-1
-1
-1
12149760
-1
-1
-1
-1
-1
16335060
-1
-1
-1
-1
-1
31886460
-1
-1
-1
-1
-1
-1
-1
33421920
-1
-1
-1
33082080
-1
25616280
-1
34026720
-1
19645560
-1
7157280
-1
-1
-1
34307220
-1
-1
-1
31875000
-1
-1
-1
-1
-1
-1
-1
22473360
-1
-1
-1
10307220
-1
-1
-1
-1
-1
-1
-1
24292320
-1
-1
-1
-1
-1
38372400
-1
-1
-1
-1
-1
38163360
-1
-1
-1
-1
-1
-1
-1
34710000
-1
-1
-1
35772660
-1
-1
-1
-1
-1
32629800
-1
-1
-1
21469980
-1
20613120
-1
-1
-1
-1
-1
-1
-1
28807800
-1
-1
-1
42298140
-1
-1
-1
-1
-1
-1
-1
-1
-1
41201160
-1
25505280
-1
-1
-1
-1
-1
-1
-1
16776960
-1
-1
-1
20049120
-1
-1
-1
-1
-1
-1
-1
24997500
-1
45721980
-1
12872640
-1
-1
-1
-1
-1
39509340
-1
-1
-1
-1
-1
35762220
-1
-1
-1
33600000
-1
9783840
-1
-1
-1
-1
-1
49835040
-1
-1
-1
-1
-1
48682620
-1
-1
-1
-1
-1
16713540
-1
-1
-1
41184000
-1
-1
-1
-1
-1
25743900
-1
33546240
-1
-1
-1
-1
-1
-1
-1
49753560
-1
-1
-1
54760380
-1
-1
-1
-1
-1
32427720
-1
-1
-1
-1
-1
38896200
-1
49970760
-1
-1
-1
-1
-1
-1
-1
-1
-1
29349540
-1
59840340
-1
-1
-1
-1
-1
38606880
-1
-1
-1
15925200
-1
-1
-1
-1
-1
-1
-1
-1
-1
-1
-1
61818060
-1
-1
-1
50269440
-1
63969360
-1
-1
-1
-1
-1
22717440
-1
-1
-1
-1
-1
53758380
-1
44721600
-1
-1
-1
65563620
-1
-1
-1
60773640
-1
51443640
-1
-1
-1
-1
-1
31848960
-1
-1
-1
-1
-1
48893460
-1
-1
-1
-1
-1
13130460
-1
-1
-1
-1
-1
-1
-1
-1
-1
-1
-1
71460960
-1
31837260
-1
71411340
-1
-1
-1
66846720
-1
-1
-1
73502580
-1
-1
-1
51101400
-1
62015460
-1
45426720
-1
-1
-1
47764080
-1
-1
-1
19531200
-1
77482020
-1
-1
-1
-1
-1
77701740
-1
-1
-1
-1
-1
-1
-1
-1
-1
-1
-1
40260000
-1
-1
-1
-1
-1
79480440
-1
-1
-1
39389280
-1
82057860
-1
76878420
-1
-1
-1
-1
-1
-1
-1
-1
-1
58060800
-1
-1
-1
-1
-1
39060900
-1
-1
-1
-1
-1
86573820
-1
-1
-1
68087040
-1
-1
-1
90167220
-1
-1
-1
30232800
-1
-1
-1
-1
-1
-1
-1
-1
-1
-1
-1
75922080
-1
-1
-1
-1
-1
27567540
-1
-1
-1
-1
-1
79476240
-1
-1
-1
-1
-1
-1
-1
58581600
-1
-1
-1
23762700
-1
17335980
-1
98672640
-1
80981940
-1
-1
-1
-1
-1
98581920
-1
-1
-1
-1
-1
-1
-1
-1
-1
101474160
-1
76348020
-1
80437500
-1
-1
-1
-1
-1
-1
-1
-1
-1
41005440
-1
-1
-1
-1
-1
-1
-1
-1
-1
78073800
-1
53586060
-1
-1
-1
47523840
-1
-1
-1
-1
-1
-1
-1
108950880
-1
-1
-1
-1
-1
91766220
-1
113137920
-1
-1
-1
111652020
-1
-1
-1
52005720
-1
114840180
-1
-1
-1
-1
-1
110670000
-1
-1
-1
-1
-1
-1
-1
112738560
-1
-1
-1
97500000
-1
-1
-1
-1
-1
-1
-1
71275620
-1
-1
-1
28697760
-1
-1
-1
-1
-1
124126860
-1
39617280
-1
-1
-1
122902980
-1
-1
-1
-1
-1
44370000
-1
-1
-1
-1
-1
125829120
-1
-1
-1
68593140
-1
-1
-1
-1
-1
-1
-1
128801340
-1
116798700
-1
-1
-1
86651040
-1
-1
-1
-1
-1
22556040
-1
-1
-1
134191200
-1
57393900
-1
92198400
-1
-1
-1
134885460
-1
-1
-1
-1
-1
-1
-1
-1
-1
-1
-1
69569280
-1
-1
-1
-1
-1
116124060
-1
-1
-1
-1
-1
79225440
-1
-1
-1
130560000
-1
-1
-1
-1
-1
-1
-1
144366240
-1
143025960
-1
118651260
-1
-1
-1
-1
-1
-1
-1
86080320
-1
-1
-1
34420680
-1
-1
-1
121196460
-1
-1
-1
56622240
-1
-1
-1
-1
-1
67665780
-1
140598840
-1
-1
-1
154281180
-1
-1
-1
-1
-1
129772500
-1
-1
-1
-1
-1
43445160
-1
-1
-1
-1
-1
-1
-1
142172160
-1
-1
-1
161137140
-1
-1
-1
118778880
-1
114735960
-1
-1
-1
-1
-1
51199680
-1
-1
-1
-1
-1
-1
-1
-1
-1
-1
-1
168193260
-1
159879720
-1
-1
-1
-1
-1
132982500
-1
155477700
-1
171797280
-1
-1
-1
-1
-1
101238840
-1
-1
-1
-1
-1
88451220
-1
-1
-1
162194280
-1
28964040
-1
-1
-1
-1
-1
113218560
-1
-1
-1
-1
-1
-1
-1
103248600
-1
-1
-1
41022240
-1
-1
-1
-1
-1
-1
-1
158159040
-1
190312500
-1
186728160
-1
-1
-1
-1
-1
-1
-1
102389760
-1
-1
-1
143915940
-1
-1
-1
188398080
-1
160195620
-1
-1
-1
-1
-1
189206160
-1
-1
-1
-1
-1
171766980
-1
-1
-1
-1
-1
198476940
-1
-1
-1
137625600
-1
130298220
-1
-1
-1
82042740
-1
118080000
-1
-1
-1
86889660
-1
-1
-1
-1
-1
-1
-1
206577060
-1
-1
-1
-1
-1
-1
-1
92820000
-1
-1
-1
169659360
-1
-1
-1
-1
-1
177045180
-1
-1
-1
-1
-1
76671360
-1
-1
-1
153522240
-1
-1
-1
-1
-1
-1
-1
65345280
-1
221933400
-1
-1
-1
-1
-1
123052800
-1
-1
-1
48599940
-1
-1
-1
-1
-1
-1
-1
-1
-1
220192500
-1
107490240
-1
-1
-1
-1
-1
-1
-1
211798920
-1
-1
-1
232193580
-1
144788220
-1
-1
-1
136692360
-1
36752100
-1
-1
-1
236658720
-1
-1
-1
77377500
-1
-1
-1
165076800
-1
-1
-1
241180740
-1
-1
-1
-1
-1
164029800
-1
-1
-1
-1
-1
97198080
-1
-1
-1
253015620
-1
-1
-1
-1
-1
-1
-1
130680480
-1
-1
-1
256510320
-1
153315180
-1
-1
-1
-1
-1
255091680
-1
-1
-1
-1
-1
65917800
-1
-1
-1
-1
-1
259844820
-1
-1
-1
180075000
-1
-1
-1
-1
-1
-1
-1
202576080
-1
-1
-1
204930240
-1
-1
-1
272213760
-1
110253720
-1
135877500
-1
-1
-1
57258240
-1
-1
-1
-1
-1
-1
-1
274457760
-1
-1
-1
-1
-1
281578140
-1
255000000
-1
123543420
-1
279447780
-1
-1
-1
-1
-1
234595140
-1
-1
-1
-1
-1
179786880
-1
-1
-1
-1
-1
-1
-1
82457760
-1
-1
-1
289608540
-1
245682780
-1
-1
-1
-1
-1
-1
-1
-1
-1
194338560
-1
-1
-1
-1
-1
114514620
-1
-1
-1
260071200
-1
102035700
-1
-1
-1
-1
-1
-1
-1
-1
-1
-1
-1
183726960
-1
-1
-1
-1
-1
46132020
-1
212742600
-1
-1
-1
310663020
-1
-1
-1
277680000
-1
-1
-1
-1
-1
-1
-1
286181280
-1
231990000
-1
-1
-1
-1
-1
-1
-1
-1
-1
134452500
-1
-1
-1
-1
-1
330936840
-1
171759840
-1
-1
-1
67108800
-1
-1
-1
-1
-1
-1
-1
303709080
-1
-1
-1
332713980
-1
-1
-1
230462400
-1
279170580
-1
316953780
-1
-1
-1
338385120
-1
-1
-1
-1
-1
121751280
-1
-1
-1
326277840
-1
344120340
-1
257084100
-1
-1
-1
-1
-1
329609280
-1
-1
-1
138393360
-1
-1
-1
-1
-1
-1
-1
-1
-1
228969720
-1
355784460
-1
-1
-1
134215680
-1
313610220
-1
-1
-1
-1
-1
160392960
-1
-1
-1
-1
-1
303433260
-1
-1
-1
-1
-1
367709220
-1
-1
-1
199980000
-1
-1
-1
365775840
-1
-1
-1
102981120
-1
367965000
-1
-1
-1
372726900
-1
-1
-1
-1
-1
316074720
-1
-1
-1
-1
-1
-1
-1
-1
-1
-1
-1
286097760
-1
-1
-1
330134220
-1
-1
-1
201311040
-1
-1
-1
78270720
-1
-1
-1
-1
-1
230625000
-1
-1
-1
-1
-1
57336240
-1
-1
-1
-1
-1
404422980
-1
-1
-1
-1
-1
96854940
-1
-1
-1
-1
-1
-1
-1
-1
-1
-1
-1
133708320
-1
-1
-1
-1
-1
-1
-1
329472000
-1
-1
-1
418072260
-1
343067700
-1
289468200
-1
-1
-1
205951200
-1
-1
-1
268369920
-1
-1
-1
-1
-1
127627500
-1
-1
-1
-1
-1
431343420
-1
-1
-1
398028480
-1
402541920
-1
-1
-1
-1
-1
438083040
-1
-1
-1
-1
-1
-1
-1
-1
-1
-1
-1
259421760
-1
-1
-1
-1
-1
452895300
-1
-1
-1
172005900
-1
311169600
-1
-1
-1
399766080
-1
-1
-1
418973160
-1
-1
-1
458722380
-1
203925540
-1
335344320
-1
384570420
-1
-1
-1
-1
-1
234796320
-1
477835320
-1
90870780
-1
-1
-1
-1
-1
-1
-1
472835940
-1
-1
-1
308855040
-1
267385860
-1
-1
-1
-1
-1
127401600
-1
-1
-1
-1
-1
-1
-1
333929400
-1
-1
-1
487236060
-1
-1
-1
-1
-1
456034800
-1
266173380
-1
-1
-1
494544480
-1
-1
-1
-1
-1
290521080
-1
402155520
-1
-1
-1
379005060
-1
-1
-1
463041240
-1
313015560
-1
286644540
-1
-1
-1
181739520
-1
70618800
-1
-1
-1
-1
-1
-1
-1
-1
-1
430067040
-1
-1
-1
357772800
-1
-1
-1
-1
-1
531667500
-1
524508960
-1
-1
-1
-1
-1
-1
-1
486189120
-1
-1
-1
411549120
-1
-1
-1
-1
-1
445993860
-1
-1
-1
543118380
-1
254791680
-1
-1
-1
-1
-1
-1
-1
-1
-1
-1
-1
276143340
-1
-1
-1
-1
-1
-1
-1
272596020
-1
-1
-1
105043680
-1
-1
-1
-1
-1
-1
-1
-1
-1
-1
-1
563635860
-1
-1
-1
-1
-1
401156280
-1
-1
-1
566383020
-1
571687680
-1
-1
-1
211853460
-1
379567500
-1
571290720
-1
-1
-1
579815820
-1
-1
-1
534773760
-1
-1
-1
-1
-1
-1
-1
588020640
-1
-1
-1
-1
-1
469111500
-1
408811200
-1
-1
-1
496123680
-1
-1
-1
363413760
-1
-1
-1
-1
-1
210085260
-1
382112640
-1
-1
-1
-1
-1
-1
-1
156249600
-1
-1
-1
462952140
-1
-1
-1
-1
-1
138450060
-1
-1
-1
-1
-1
621613920
-1
590149560
-1
-1
-1
533786760
-1
600200640
-1
-1
-1
630207540
-1
-1
-1
436056600
-1
-1
-1
-1
-1
-1
-1
252677040
-1
-1
-1
-1
-1
353055780
-1
-1
-1
-1
-1
86256300
-1
-1
-1
-1
-1
-1
-1
212323860
-1
-1
-1
120932280
-1
671672040
-1
615027360
-1
549875820
-1
-1
-1
-1
-1
665374020
-1
-1
-1
613556520
-1
-1
-1
-1
-1
-1
-1
464486400
-1
-1
-1
-1
-1
-1
-1
-1
-1
-1
-1
312487200
-1
-1
-1
610062960
-1
624003600
-1
-1
-1
-1
-1
692590560
-1
-1
-1
-1
-1
-1
-1
262140000
-1
-1
-1
701824980
-1
628806420
-1
721337760
-1
313267500
-1
-1
-1
-1
-1
241862400
-1
-1
-1
-1
-1
-1
-1
494125800
-1
-1
-1
720539340
-1
-1
-1
727890240
-1
258765840
-1
-1
-1
-1
-1
201135000
-1
-1
-1
-1
-1
-1
-1
-1
-1
-1
-1
220540320
-1
-1
-1
-1
-1
-1
-1
-1
-1
-1
-1
415303200
-1
-1
-1
634953060
-1
439715160
-1
-1
-1
-1
-1
758960220
-1
-1
-1
468652800
-1
-1
-1
-1
-1
-1
-1
190101600
-1
-1
-1
138687840
-1
-1
-1
789381120
-1
-1
-1
647855520
-1
-1
-1
-1
-1
-1
-1
-1
-1
-1
-1
788655360
-1
-1
-1
-1
-1
776107860
-1
730138440
-1
634845960
-1
798723180
-1
-1
-1
-1
-1
668752500
-1
811793280
-1
-1
-1
431241720
-1
-1
-1
439356060
-1
104548860
-1
-1
-1
-1
-1
819115140
-1
629718180
-1
-1
-1
-1
-1
-1
-1
-1
-1
328043520
-1
-1
-1
-1
-1
277373460
-1
-1
-1
-1
-1
839851260
-1
-1
-1
-1
-1
441046620
-1
624590400
-1
-1
-1
428688480
-1
-1
-1
-1
-1
711884940
-1
380190720
-1
851121120
-1
860934420
-1
-1
-1
793594680
-1
-1
-1
813822300
-1
636580560
-1
871607040
-1
-1
-1
-1
-1
-1
-1
-1
-1
-1
-1
368937660
-1
-1
-1
905103360
-1
-1
-1
-1
-1
-1
-1
604436760
-1
-1
-1
-1
-1
603579900
-1
416045760
-1
-1
-1
158470260
-1
-1
-1
313643400
-1
530430120
-1
-1
-1
-1
-1
193246560
-1
-1
-1
-1
-1
-1
-1
-1
-1
-1
-1
926294940
-1
603232500
-1
901908480
-1
-1
-1
-1
-1
-1
-1
780000000
