Enter the number of vertices: Enter the vertices for 0.Enter -1 if you wish to exit.
Enter the vertices for 1.Enter -1 if you wish to exit.
Enter the vertices for 2.Enter -1 if you wish to exit.
Enter the vertices for 3.Enter -1 if you wish to exit.
Enter the vertices for 4.Enter -1 if you wish to exit.
Enter the vertices for 5.Enter -1 if you wish to exit.
0 0 0 0 0 0 
0 0 0 0 1 0 
0 0 0 1 1 0 
0 0 0 0 1 0 
0 0 0 0 0 0 
0 0 0 0 1 0 

0 0 0 0 0 0 
0 0 0 0 1 0 
0 0 0 1 1 0 
0 0 0 0 1 0 
0 0 0 0 0 0 
0 0 0 0 1 0 

0 0 0 0 0 0 
0 0 0 0 0 0 
0 0 0 1 1 0 
0 0 0 0 1 0 
0 0 0 0 0 0 
0 0 0 0 1 0 

0 0 0 0 0 0 
0 0 0 0 0 0 
0 0 0 1 1 0 
0 0 0 0 1 0 
0 0 0 0 0 0 
0 0 0 0 1 0 

0 0 0 0 0 0 
0 0 0 0 0 0 
0 0 0 1 1 0 
0 0 0 0 1 0 
0 0 0 0 0 0 
0 0 0 0 1 0 

0 0 0 0 0 0 
0 0 0 0 0 0 
0 0 0 0 0 0 
0 0 0 0 1 0 
0 0 0 0 0 0 
0 0 0 0 1 0 

0 0 0 0 0 0 
0 0 0 0 0 0 
0 0 0 0 0 0 
0 0 0 0 1 0 
0 0 0 0 0 0 
0 0 0 0 1 0 

0 0 0 0 0 0 
0 0 0 0 0 0 
0 0 0 0 0 0 
0 0 0 0 1 0 
0 0 0 0 0 0 
0 0 0 0 1 0 

0 0 0 0 0 0 
0 0 0 0 0 0 
0 0 0 0 0 0 
0 0 0 0 1 0 
0 0 0 0 0 0 
0 0 0 0 1 0 

0 0 0 0 0 0 
0 0 0 0 0 0 
0 0 0 0 0 0 
0 0 0 0 0 0 
0 0 0 0 0 0 
0 0 0 0 1 0 

0 0 0 0 0 0 
0 0 0 0 0 0 
0 0 0 0 0 0 
0 0 0 0 0 0 
0 0 0 0 0 0 
0 0 0 0 1 0 

0 0 0 0 0 0 
0 0 0 0 0 0 
0 0 0 0 0 0 
0 0 0 0 0 0 
0 0 0 0 0 0 
0 0 0 0 1 0 

0 0 0 0 0 0 
0 0 0 0 0 0 
0 0 0 0 0 0 
0 0 0 0 0 0 
0 0 0 0 0 0 
0 0 0 0 1 0 

0 0 0 0 0 0 
0 0 0 0 0 0 
0 0 0 0 0 0 
0 0 0 0 0 0 
0 0 0 0 0 0 
0 0 0 0 1 0 

0 0 0 0 0 0 
0 0 0 0 0 0 
0 0 0 0 0 0 
0 0 0 0 0 0 
0 0 0 0 0 0 
0 0 0 0 1 0 

0 0 0 0 0 0 
0 0 0 0 0 0 
0 0 0 0 0 0 
0 0 0 0 0 0 
0 0 0 0 0 0 
0 0 0 0 0 0 

0 0 0 0 0 0 
0 0 0 0 0 0 
0 0 0 0 0 0 
0 0 0 0 0 0 
0 0 0 0 0 0 
0 0 0 0 0 0 

0 0 0 0 0 0 
0 0 0 0 0 0 
0 0 0 0 0 0 
0 0 0 0 0 0 
0 0 0 0 0 0 
0 0 0 0 0 0 

0 0 0 0 0 0 
0 0 0 0 0 0 
0 0 0 0 0 0 
0 0 0 0 0 0 
0 0 0 0 0 0 
0 0 0 0 0 0 

0 0 0 0 0 0 
0 0 0 0 0 0 
0 0 0 0 0 0 
0 0 0 0 0 0 
0 0 0 0 0 0 
0 0 0 0 0 0 

0 0 0 0 0 0 
0 0 0 0 0 0 
0 0 0 0 0 0 
0 0 0 0 0 0 
0 0 0 0 0 0 
0 0 0 0 0 0 

0->1->2->3->5->4
